4
S
E
T
F
7
+
-
*
/
(
)
n
9
S
E
E
E-T
E
E+T
E
T
T
T*F
T
T/F
T
F
F
(E)
F
n
16
3
3
3
3
0
1
3
0
2
3
3
3
3
3
0
1
3
0
2
3
1
8
1
8
1
8
1
8
3
1
8
3
1
8
0
8
0
9
3
3
3
3
3
2
1
3
1
3
0
10
0
11
3
1
3
3
1
3
1
6
1
6
1
6
1
6
3
1
6
3
1
6
0
8
0
9
3
3
3
0
7
3
3
1
7
1
7
1
7
1
7
3
1
7
3
1
7
3
3
3
3
0
1
3
0
2
3
3
3
3
3
0
1
3
0
2
3
3
3
3
3
0
1
3
0
2
3
3
3
3
3
0
1
3
0
2
3
1
1
1
1
0
10
0
11
3
1
1
3
1
1
1
2
1
2
0
10
0
11
3
1
2
3
1
2
1
4
1
4
1
4
1
4
3
1
4
3
1
4
1
5
1
5
1
5
1
5
3
1
5
3
1
5
3
4
5
6
4
5
-1
-1
-1
-1
-1
-1
-1
-1
-1
-1
-1
-1
-1
-1
-1
-1
-1
-1
-1
12
5
-1
13
5
-1
-1
14
-1
-1
15
-1
-1
-1
-1
-1
-1
-1
-1
-1
-1
-1
-1
